# Current wave index: 
0

# Remaining health: 
3 4 5 6 7 

# Money: 
100

# Enemies position
1765.62 303.043 6 1729.06 330.13 5 1665.54 330.301 5 1600.58 330.435 5 1536.46 330.681 5 1471.7 330.791 5 1408.82 331.113 5 1343.24 331.43 5 1278.97 331.343 5 1214.46 331.635 5 

415.812 730.94 3 481.187 731.476 3 546.682 731.97 3 612.391 732.255 3 677.755 732.847 3 

1165 988.025 0 1165 1042.09 0 1165 1096.23 0 

# Tower position
@

@

633 619 

@

509 839 

@

# Base in current map
1 1 1 1 0 1 1 1 1 1 1 1 1 0 1 
