# Information of game save: 
04/08/2025 00:13:50

# Current wave index: 
1

# Remaining health: 
4 

# Money: 
1190

# Spawning timer: 
0.689225 0

# Spanwed enemies: 
12 6 2

# Spawning stage
None

# Enemies position
288.466 619.609 4 0 288.499 661.797 4 0 287.35 711.12 4 0 309.601 730.177 3 0 355.574 730.427 3 0 400.649 730.878 3 0 449.586 730.754 3 0 494.85 730.972 3 0 540.437 731.15 3 0 581.606 731.417 3 0 630.182 731.753 3 0 679.146 732.007 3 0 

995.247 880.548 1 0 1073.62 882.948 1 0 1156.02 883.961 1 0 1165 953.496 0 0 1165 1015.93 0 0 1165 1081.85 0 0 

1165 1431.98 0 0 1165 1505.87 0 0 

# Tower position
@

@

@

@

@

@

# Base in current map
1 1 1 1 1 1 1 1 1 1 1 1 1 1 1 
