# Information of game save: 
04/08/2025 08:59:47

# Current wave index: 
0

# Remaining health: 
4 5 6 7 8 

# Money: 
500

# Spawning timer: 
1.77334 0

# Spanwed enemies: 
12 6 0

# Spawning stage
Type3

# Enemies position
893.941 223.057 1.2 1.2 4 0 840.038 223.149 1.2 1.2 4 0 785.819 223.473 1.2 1.2 4 0 737.255 223.415 1.2 1.2 4 0 713.859 258.655 1.2 1.2 3 0 712.539 312.699 1.2 1.2 3 0 710.673 367.253 1.2 1.2 3 0 675.48 385.667 1.2 1.2 2 0 616.919 386.557 1.2 1.2 2 0 569.157 387.502 1.2 1.2 2 0 511.113 388.795 1.2 1.2 2 0 464.534 395.745 1.2 1.2 1 0 

111.566 500 2.4 2.4 0 0 11.2383 500 2.4 2.4 0 0 -86.3816 500 2.4 2.4 0 0 -186.902 500 2.4 2.4 0 0 -284.863 500 2.4 2.4 0 0 -372.32 500 2.4 2.4 0 0 

@

# Tower position
@

@

@

@

@

@

# Base in current map
1 1 1 1 1 1 1 1 1 1 1 1 1 1 1 1 
