# Information of game save: 
04/08/2025 09:00:15

# Current wave index: 
0

# Remaining health: 
4 5 6 7 8 

# Money: 
500

# Spawning timer: 
2.34901 0.353766

# Spanwed enemies: 
18 0 0

# Spawning stage
Type2

# Enemies position
974.028 247.9 1.2 1.2 3 1 311.244 506.11 -1.2 1.2 1 0 1353.06 779.948 1.2 1.2 2 2 1298.21 825.246 1.2 1.2 2 2 1073.59 651.293 1.2 1.2 3 3 812.19 474.052 1.2 1.2 1 1 951.713 705.53 1.2 1.2 2 3 700 554.708 -1.2 1.2 0 0 700 616.426 1.2 1.2 0 1 774.255 746.955 1.2 1.2 1 3 700 749.953 -1.2 1.2 0 0 700 827.858 1.2 1.2 0 3 700 899.989 1.2 1.2 0 2 700 976.407 1.2 1.2 0 2 700 1054.65 1.2 1.2 0 2 700 1126.7 1.2 1.2 0 1 700 1199.58 1.2 1.2 0 1 700 1293.12 -1.2 1.2 0 0 

@

@

# Tower position
@

@

@

@

@

@

# Base in current map
1 1 1 1 1 1 1 1 1 1 1 1 
