# Current wave index: 
0

# Remaining health: 
0 1 2 3 4 

# Money: 
1000

# Enemies position
1221.72 331.635 6 1158.4 331.676 6 1094.28 332 6 1031.85 332.357 6 966.507 332.074 6 900.78 332.223 6 835.432 332.638 6 772.31 332.988 6 708.106 333.197 6 643.506 333.769 6 

555.304 731.728 4 595.337 732.142 4 635.6 732.45 4 675.74 732.747 4 716.105 732.861 4 

1056.35 882.689 2 1080.59 883.207 2 1104.77 883.683 2 

# Tower position
984 445.749 

@

# Base in current map
1 1 1 0 1 1 1 1 1 1 1 1 1 1 1 
